Avg Normalised Edit Distance, Accuracy, F-Score, MRR, MAP
---------------------------------------------------------
0.324968, 0.454545, 0.865354, 0.506582, 0.506582
0.327273, 0.465855, 0.864554, 0.514187, 0.514187
0.322962, 0.470548, 0.865993, 0.525121, 0.525121
0.337603, 0.467302, 0.864327, 0.522780, 0.522780
0.330087, 0.465435, 0.861380, 0.516718, 0.516718
0.326796, 0.475801, 0.867106, 0.524872, 0.524872
0.332561, 0.453799, 0.864929, 0.516234, 0.516234
0.330547, 0.473038, 0.861378, 0.525274, 0.525274
0.326408, 0.469458, 0.866592, 0.522347, 0.522347
0.330266, 0.462534, 0.867123, 0.517699, 0.517699
---------------------------------------------------------
 0 0.328947 0.465832 0.864874 0.519181 0.519181 