Avg Normalised Edit Distance, Accuracy, F-Score, MRR, MAP
---------------------------------------------------------
0.321436, 0.480885, 0.867394, 0.534565, 0.534565
0.324807, 0.501499, 0.866969, 0.549725, 0.549725
0.317021, 0.480000, 0.866455, 0.536130, 0.536130
0.334667, 0.483417, 0.864140, 0.538881, 0.538881
0.332686, 0.479839, 0.862350, 0.537689, 0.537689
0.314092, 0.485368, 0.870105, 0.548722, 0.548722
0.345423, 0.468623, 0.863590, 0.526287, 0.526287
0.332414, 0.491886, 0.862129, 0.537232, 0.537232
0.317717, 0.497976, 0.871403, 0.553367, 0.553367
0.304830, 0.498498, 0.873906, 0.551239, 0.551239
---------------------------------------------------------
 0 0.324509 0.486799 0.866844 0.541384 0.541384 