Avg Normalised Edit Distance, Accuracy, F-Score, MRR, MAP
---------------------------------------------------------
0.331069, 0.476497, 0.864565, 0.533215, 0.533215
0.324990, 0.487317, 0.865190, 0.540023, 0.540023
0.324872, 0.486266, 0.865865, 0.539346, 0.539346
0.335392, 0.474176, 0.865487, 0.529317, 0.529317
0.323629, 0.484711, 0.867964, 0.537568, 0.537568
0.330024, 0.472630, 0.864389, 0.529158, 0.529158
0.327694, 0.482381, 0.864435, 0.532799, 0.532799
0.329450, 0.473798, 0.865643, 0.531356, 0.531356
0.333157, 0.471478, 0.864010, 0.525224, 0.525224
0.326253, 0.488765, 0.865446, 0.542051, 0.542051
---------------------------------------------------------
 0 0.328653 0.479802 0.865299 0.534006 0.534006 