Avg Normalised Edit Distance, Accuracy, F-Score, MRR, MAP
---------------------------------------------------------
0.320552, 0.512614, 0.869097, 0.566901, 0.566901
0.314836, 0.523326, 0.869797, 0.573468, 0.573468
0.328214, 0.509066, 0.866342, 0.559393, 0.559393
0.328432, 0.505321, 0.867600, 0.556370, 0.556370
0.322586, 0.505643, 0.868822, 0.557815, 0.557815
0.326524, 0.501512, 0.866589, 0.553899, 0.553899
0.322159, 0.520285, 0.868261, 0.568739, 0.568739
0.324321, 0.501381, 0.867665, 0.554862, 0.554862
0.329061, 0.494304, 0.865451, 0.545331, 0.545331
0.316611, 0.517527, 0.868157, 0.570266, 0.570266
---------------------------------------------------------
 0 0.32333 0.509098 0.867778 0.560704 0.560704 